Parameters taken by the function:
d1 = 30
d2 = 300
E_s = 1
E_s2 = 0
E_int_s = 0.5
E_int_e = 0.7
E_int_s2 = 0
E_int_e2 = 0
E_e = 1
E_e2 = 0
w = [0, 0, 0, 0, 0, 0, 0, 0, 0, 0, 0, 0, 0, 1, 0, 0, 0, 0, 0, 0, 0, 0, 0, 0, 0, 0, 0, 0, 0, 0]
envi = [0]
tmax = 100
ind_nb = 200
log = 1
file_name = simulation_results.txt
H_list = (9000, Quantum object: dims = [[30, 300], [30, 300]], shape = (9000, 9000), type = oper, isherm = True
Qobj data =
[[ 0.80845814+0.j         -0.54563605-0.32708514j  0.37201914-0.13922986j
  ...  0.        +0.j          0.        +0.j
   0.        +0.j        ]
 [-0.54563605+0.32708514j  0.07570821+0.j          0.05546785+0.89096504j
  ...  0.        +0.j          0.        +0.j
   0.        +0.j        ]
 [ 0.37201914+0.13922986j  0.05546785-0.89096504j  0.76775708+0.j
  ...  0.        +0.j          0.        +0.j
   0.        +0.j        ]
 ...
 [ 0.        +0.j          0.        +0.j          0.        +0.j
  ... 29.89413986+0.j          0.04170413+0.03081648j
   0.54445168+0.06826112j]
 [ 0.        +0.j          0.        +0.j          0.        +0.j
  ...  0.04170413-0.03081648j 28.17516566+0.j
   0.06089688-0.38111507j]
 [ 0.        +0.j          0.        +0.j          0.        +0.j
  ...  0.54445168-0.06826112j  0.06089688+0.38111507j
  28.10385471+0.j        ]], Quantum object: dims = [[30, 300], [30, 300]], shape = (9000, 9000), type = oper, isherm = True
Qobj data =
[[ 0.  0.  0. ...  0.  0.  0.]
 [ 0.  0.  0. ...  0.  0.  0.]
 [ 0.  0.  0. ...  0.  0.  0.]
 ...
 [ 0.  0.  0. ... 29.  0.  0.]
 [ 0.  0.  0. ...  0. 29.  0.]
 [ 0.  0.  0. ...  0.  0. 29.]], Quantum object: dims = [[30, 300], [30, 300]], shape = (9000, 9000), type = oper, isherm = True
Qobj data =
[[0.+0.j 0.+0.j 0.+0.j ... 0.+0.j 0.+0.j 0.+0.j]
 [0.+0.j 0.+0.j 0.+0.j ... 0.+0.j 0.+0.j 0.+0.j]
 [0.+0.j 0.+0.j 0.+0.j ... 0.+0.j 0.+0.j 0.+0.j]
 ...
 [0.+0.j 0.+0.j 0.+0.j ... 0.+0.j 0.+0.j 0.+0.j]
 [0.+0.j 0.+0.j 0.+0.j ... 0.+0.j 0.+0.j 0.+0.j]
 [0.+0.j 0.+0.j 0.+0.j ... 0.+0.j 0.+0.j 0.+0.j]], Quantum object: dims = [[30, 300], [30, 300]], shape = (9000, 9000), type = oper, isherm = True
Qobj data =
[[ 0.80845814+0.j         -0.54563605-0.32708514j  0.37201914-0.13922986j
  ...  0.        +0.j          0.        +0.j
   0.        +0.j        ]
 [-0.54563605+0.32708514j  0.07570821+0.j          0.05546785+0.89096504j
  ...  0.        +0.j          0.        +0.j
   0.        +0.j        ]
 [ 0.37201914+0.13922986j  0.05546785-0.89096504j  0.76775708+0.j
  ...  0.        +0.j          0.        +0.j
   0.        +0.j        ]
 ...
 [ 0.        +0.j          0.        +0.j          0.        +0.j
  ...  0.89413986+0.j          0.04170413+0.03081648j
   0.54445168+0.06826112j]
 [ 0.        +0.j          0.        +0.j          0.        +0.j
  ...  0.04170413-0.03081648j -0.82483434+0.j
   0.06089688-0.38111507j]
 [ 0.        +0.j          0.        +0.j          0.        +0.j
  ...  0.54445168-0.06826112j  0.06089688+0.38111507j
  -0.89614529+0.j        ]], Quantum object: dims = [[30], [30]], shape = (30, 30), type = oper, isherm = True
Qobj data =
[[ 0.  0.  0.  0.  0.  0.  0.  0.  0.  0.  0.  0.  0.  0.  0.  0.  0.  0.
   0.  0.  0.  0.  0.  0.  0.  0.  0.  0.  0.  0.]
 [ 0.  1.  0.  0.  0.  0.  0.  0.  0.  0.  0.  0.  0.  0.  0.  0.  0.  0.
   0.  0.  0.  0.  0.  0.  0.  0.  0.  0.  0.  0.]
 [ 0.  0.  2.  0.  0.  0.  0.  0.  0.  0.  0.  0.  0.  0.  0.  0.  0.  0.
   0.  0.  0.  0.  0.  0.  0.  0.  0.  0.  0.  0.]
 [ 0.  0.  0.  3.  0.  0.  0.  0.  0.  0.  0.  0.  0.  0.  0.  0.  0.  0.
   0.  0.  0.  0.  0.  0.  0.  0.  0.  0.  0.  0.]
 [ 0.  0.  0.  0.  4.  0.  0.  0.  0.  0.  0.  0.  0.  0.  0.  0.  0.  0.
   0.  0.  0.  0.  0.  0.  0.  0.  0.  0.  0.  0.]
 [ 0.  0.  0.  0.  0.  5.  0.  0.  0.  0.  0.  0.  0.  0.  0.  0.  0.  0.
   0.  0.  0.  0.  0.  0.  0.  0.  0.  0.  0.  0.]
 [ 0.  0.  0.  0.  0.  0.  6.  0.  0.  0.  0.  0.  0.  0.  0.  0.  0.  0.
   0.  0.  0.  0.  0.  0.  0.  0.  0.  0.  0.  0.]
 [ 0.  0.  0.  0.  0.  0.  0.  7.  0.  0.  0.  0.  0.  0.  0.  0.  0.  0.
   0.  0.  0.  0.  0.  0.  0.  0.  0.  0.  0.  0.]
 [ 0.  0.  0.  0.  0.  0.  0.  0.  8.  0.  0.  0.  0.  0.  0.  0.  0.  0.
   0.  0.  0.  0.  0.  0.  0.  0.  0.  0.  0.  0.]
 [ 0.  0.  0.  0.  0.  0.  0.  0.  0.  9.  0.  0.  0.  0.  0.  0.  0.  0.
   0.  0.  0.  0.  0.  0.  0.  0.  0.  0.  0.  0.]
 [ 0.  0.  0.  0.  0.  0.  0.  0.  0.  0. 10.  0.  0.  0.  0.  0.  0.  0.
   0.  0.  0.  0.  0.  0.  0.  0.  0.  0.  0.  0.]
 [ 0.  0.  0.  0.  0.  0.  0.  0.  0.  0.  0. 11.  0.  0.  0.  0.  0.  0.
   0.  0.  0.  0.  0.  0.  0.  0.  0.  0.  0.  0.]
 [ 0.  0.  0.  0.  0.  0.  0.  0.  0.  0.  0.  0. 12.  0.  0.  0.  0.  0.
   0.  0.  0.  0.  0.  0.  0.  0.  0.  0.  0.  0.]
 [ 0.  0.  0.  0.  0.  0.  0.  0.  0.  0.  0.  0.  0. 13.  0.  0.  0.  0.
   0.  0.  0.  0.  0.  0.  0.  0.  0.  0.  0.  0.]
 [ 0.  0.  0.  0.  0.  0.  0.  0.  0.  0.  0.  0.  0.  0. 14.  0.  0.  0.
   0.  0.  0.  0.  0.  0.  0.  0.  0.  0.  0.  0.]
 [ 0.  0.  0.  0.  0.  0.  0.  0.  0.  0.  0.  0.  0.  0.  0. 15.  0.  0.
   0.  0.  0.  0.  0.  0.  0.  0.  0.  0.  0.  0.]
 [ 0.  0.  0.  0.  0.  0.  0.  0.  0.  0.  0.  0.  0.  0.  0.  0. 16.  0.
   0.  0.  0.  0.  0.  0.  0.  0.  0.  0.  0.  0.]
 [ 0.  0.  0.  0.  0.  0.  0.  0.  0.  0.  0.  0.  0.  0.  0.  0.  0. 17.
   0.  0.  0.  0.  0.  0.  0.  0.  0.  0.  0.  0.]
 [ 0.  0.  0.  0.  0.  0.  0.  0.  0.  0.  0.  0.  0.  0.  0.  0.  0.  0.
  18.  0.  0.  0.  0.  0.  0.  0.  0.  0.  0.  0.]
 [ 0.  0.  0.  0.  0.  0.  0.  0.  0.  0.  0.  0.  0.  0.  0.  0.  0.  0.
   0. 19.  0.  0.  0.  0.  0.  0.  0.  0.  0.  0.]
 [ 0.  0.  0.  0.  0.  0.  0.  0.  0.  0.  0.  0.  0.  0.  0.  0.  0.  0.
   0.  0. 20.  0.  0.  0.  0.  0.  0.  0.  0.  0.]
 [ 0.  0.  0.  0.  0.  0.  0.  0.  0.  0.  0.  0.  0.  0.  0.  0.  0.  0.
   0.  0.  0. 21.  0.  0.  0.  0.  0.  0.  0.  0.]
 [ 0.  0.  0.  0.  0.  0.  0.  0.  0.  0.  0.  0.  0.  0.  0.  0.  0.  0.
   0.  0.  0.  0. 22.  0.  0.  0.  0.  0.  0.  0.]
 [ 0.  0.  0.  0.  0.  0.  0.  0.  0.  0.  0.  0.  0.  0.  0.  0.  0.  0.
   0.  0.  0.  0.  0. 23.  0.  0.  0.  0.  0.  0.]
 [ 0.  0.  0.  0.  0.  0.  0.  0.  0.  0.  0.  0.  0.  0.  0.  0.  0.  0.
   0.  0.  0.  0.  0.  0. 24.  0.  0.  0.  0.  0.]
 [ 0.  0.  0.  0.  0.  0.  0.  0.  0.  0.  0.  0.  0.  0.  0.  0.  0.  0.
   0.  0.  0.  0.  0.  0.  0. 25.  0.  0.  0.  0.]
 [ 0.  0.  0.  0.  0.  0.  0.  0.  0.  0.  0.  0.  0.  0.  0.  0.  0.  0.
   0.  0.  0.  0.  0.  0.  0.  0. 26.  0.  0.  0.]
 [ 0.  0.  0.  0.  0.  0.  0.  0.  0.  0.  0.  0.  0.  0.  0.  0.  0.  0.
   0.  0.  0.  0.  0.  0.  0.  0.  0. 27.  0.  0.]
 [ 0.  0.  0.  0.  0.  0.  0.  0.  0.  0.  0.  0.  0.  0.  0.  0.  0.  0.
   0.  0.  0.  0.  0.  0.  0.  0.  0.  0. 28.  0.]
 [ 0.  0.  0.  0.  0.  0.  0.  0.  0.  0.  0.  0.  0.  0.  0.  0.  0.  0.
   0.  0.  0.  0.  0.  0.  0.  0.  0.  0.  0. 29.]], Quantum object: dims = [[30], [30]], shape = (30, 30), type = oper, isherm = True
Qobj data =
[[0.         0.5        0.         0.         0.         0.
  0.         0.         0.         0.         0.         0.
  0.         0.         0.         0.         0.         0.
  0.         0.         0.         0.         0.         0.
  0.         0.         0.         0.         0.         0.        ]
 [0.5        0.         0.70710678 0.         0.         0.
  0.         0.         0.         0.         0.         0.
  0.         0.         0.         0.         0.         0.
  0.         0.         0.         0.         0.         0.
  0.         0.         0.         0.         0.         0.        ]
 [0.         0.70710678 0.         0.8660254  0.         0.
  0.         0.         0.         0.         0.         0.
  0.         0.         0.         0.         0.         0.
  0.         0.         0.         0.         0.         0.
  0.         0.         0.         0.         0.         0.        ]
 [0.         0.         0.8660254  0.         1.         0.
  0.         0.         0.         0.         0.         0.
  0.         0.         0.         0.         0.         0.
  0.         0.         0.         0.         0.         0.
  0.         0.         0.         0.         0.         0.        ]
 [0.         0.         0.         1.         0.         1.11803399
  0.         0.         0.         0.         0.         0.
  0.         0.         0.         0.         0.         0.
  0.         0.         0.         0.         0.         0.
  0.         0.         0.         0.         0.         0.        ]
 [0.         0.         0.         0.         1.11803399 0.
  1.22474487 0.         0.         0.         0.         0.
  0.         0.         0.         0.         0.         0.
  0.         0.         0.         0.         0.         0.
  0.         0.         0.         0.         0.         0.        ]
 [0.         0.         0.         0.         0.         1.22474487
  0.         1.32287566 0.         0.         0.         0.
  0.         0.         0.         0.         0.         0.
  0.         0.         0.         0.         0.         0.
  0.         0.         0.         0.         0.         0.        ]
 [0.         0.         0.         0.         0.         0.
  1.32287566 0.         1.41421356 0.         0.         0.
  0.         0.         0.         0.         0.         0.
  0.         0.         0.         0.         0.         0.
  0.         0.         0.         0.         0.         0.        ]
 [0.         0.         0.         0.         0.         0.
  0.         1.41421356 0.         1.5        0.         0.
  0.         0.         0.         0.         0.         0.
  0.         0.         0.         0.         0.         0.
  0.         0.         0.         0.         0.         0.        ]
 [0.         0.         0.         0.         0.         0.
  0.         0.         1.5        0.         1.58113883 0.
  0.         0.         0.         0.         0.         0.
  0.         0.         0.         0.         0.         0.
  0.         0.         0.         0.         0.         0.        ]
 [0.         0.         0.         0.         0.         0.
  0.         0.         0.         1.58113883 0.         1.6583124
  0.         0.         0.         0.         0.         0.
  0.         0.         0.         0.         0.         0.
  0.         0.         0.         0.         0.         0.        ]
 [0.         0.         0.         0.         0.         0.
  0.         0.         0.         0.         1.6583124  0.
  1.73205081 0.         0.         0.         0.         0.
  0.         0.         0.         0.         0.         0.
  0.         0.         0.         0.         0.         0.        ]
 [0.         0.         0.         0.         0.         0.
  0.         0.         0.         0.         0.         1.73205081
  0.         1.80277564 0.         0.         0.         0.
  0.         0.         0.         0.         0.         0.
  0.         0.         0.         0.         0.         0.        ]
 [0.         0.         0.         0.         0.         0.
  0.         0.         0.         0.         0.         0.
  1.80277564 0.         1.87082869 0.         0.         0.
  0.         0.         0.         0.         0.         0.
  0.         0.         0.         0.         0.         0.        ]
 [0.         0.         0.         0.         0.         0.
  0.         0.         0.         0.         0.         0.
  0.         1.87082869 0.         1.93649167 0.         0.
  0.         0.         0.         0.         0.         0.
  0.         0.         0.         0.         0.         0.        ]
 [0.         0.         0.         0.         0.         0.
  0.         0.         0.         0.         0.         0.
  0.         0.         1.93649167 0.         2.         0.
  0.         0.         0.         0.         0.         0.
  0.         0.         0.         0.         0.         0.        ]
 [0.         0.         0.         0.         0.         0.
  0.         0.         0.         0.         0.         0.
  0.         0.         0.         2.         0.         2.06155281
  0.         0.         0.         0.         0.         0.
  0.         0.         0.         0.         0.         0.        ]
 [0.         0.         0.         0.         0.         0.
  0.         0.         0.         0.         0.         0.
  0.         0.         0.         0.         2.06155281 0.
  2.12132034 0.         0.         0.         0.         0.
  0.         0.         0.         0.         0.         0.        ]
 [0.         0.         0.         0.         0.         0.
  0.         0.         0.         0.         0.         0.
  0.         0.         0.         0.         0.         2.12132034
  0.         2.17944947 0.         0.         0.         0.
  0.         0.         0.         0.         0.         0.        ]
 [0.         0.         0.         0.         0.         0.
  0.         0.         0.         0.         0.         0.
  0.         0.         0.         0.         0.         0.
  2.17944947 0.         2.23606798 0.         0.         0.
  0.         0.         0.         0.         0.         0.        ]
 [0.         0.         0.         0.         0.         0.
  0.         0.         0.         0.         0.         0.
  0.         0.         0.         0.         0.         0.
  0.         2.23606798 0.         2.29128785 0.         0.
  0.         0.         0.         0.         0.         0.        ]
 [0.         0.         0.         0.         0.         0.
  0.         0.         0.         0.         0.         0.
  0.         0.         0.         0.         0.         0.
  0.         0.         2.29128785 0.         2.34520788 0.
  0.         0.         0.         0.         0.         0.        ]
 [0.         0.         0.         0.         0.         0.
  0.         0.         0.         0.         0.         0.
  0.         0.         0.         0.         0.         0.
  0.         0.         0.         2.34520788 0.         2.39791576
  0.         0.         0.         0.         0.         0.        ]
 [0.         0.         0.         0.         0.         0.
  0.         0.         0.         0.         0.         0.
  0.         0.         0.         0.         0.         0.
  0.         0.         0.         0.         2.39791576 0.
  2.44948974 0.         0.         0.         0.         0.        ]
 [0.         0.         0.         0.         0.         0.
  0.         0.         0.         0.         0.         0.
  0.         0.         0.         0.         0.         0.
  0.         0.         0.         0.         0.         2.44948974
  0.         2.5        0.         0.         0.         0.        ]
 [0.         0.         0.         0.         0.         0.
  0.         0.         0.         0.         0.         0.
  0.         0.         0.         0.         0.         0.
  0.         0.         0.         0.         0.         0.
  2.5        0.         2.54950976 0.         0.         0.        ]
 [0.         0.         0.         0.         0.         0.
  0.         0.         0.         0.         0.         0.
  0.         0.         0.         0.         0.         0.
  0.         0.         0.         0.         0.         0.
  0.         2.54950976 0.         2.59807621 0.         0.        ]
 [0.         0.         0.         0.         0.         0.
  0.         0.         0.         0.         0.         0.
  0.         0.         0.         0.         0.         0.
  0.         0.         0.         0.         0.         0.
  0.         0.         2.59807621 0.         2.64575131 0.        ]
 [0.         0.         0.         0.         0.         0.
  0.         0.         0.         0.         0.         0.
  0.         0.         0.         0.         0.         0.
  0.         0.         0.         0.         0.         0.
  0.         0.         0.         2.64575131 0.         2.6925824 ]
 [0.         0.         0.         0.         0.         0.
  0.         0.         0.         0.         0.         0.
  0.         0.         0.         0.         0.         0.
  0.         0.         0.         0.         0.         0.
  0.         0.         0.         0.         2.6925824  0.        ]], Quantum object: dims = [[300], [300]], shape = (300, 300), type = oper, isherm = True
Qobj data =
[[-0.25310524+0.j          0.34649064-0.61542865j -0.1955305 -0.14500339j
  ...  0.25056175+0.46873024j -0.09882285-0.61906924j
   0.02865122+0.226984j  ]
 [ 0.34649064+0.61542865j  0.58174465+0.j          0.46596668+0.01967815j
  ... -0.44247765+0.17786761j  0.03699854+0.23455926j
  -0.12180282-0.06291261j]
 [-0.1955305 +0.14500339j  0.46596668-0.01967815j -0.49462559+0.j
  ... -0.02277138-0.04740398j  0.33863865-0.51852033j
  -0.11828524+0.21578146j]
 ...
 [ 0.25056175-0.46873024j -0.44247765-0.17786761j -0.02277138+0.04740398j
  ...  0.6229274 +0.j         -0.47177752-0.13457331j
  -0.63116451+0.02312935j]
 [-0.09882285+0.61906924j  0.03699854-0.23455926j  0.33863865+0.51852033j
  ... -0.47177752+0.13457331j -0.03077162+0.j
  -0.25958368+0.07584745j]
 [ 0.02865122-0.226984j   -0.12180282+0.06291261j -0.11828524-0.21578146j
  ... -0.63116451-0.02312935j -0.25958368-0.07584745j
  -0.56017812+0.j        ]], Quantum object: dims = [[300], [300]], shape = (300, 300), type = oper, isherm = True
Qobj data =
[[ 0.80845814+0.j         -0.54563605-0.32708514j  0.37201914-0.13922986j
  ... -0.70913708-0.2383319j  -0.18487421+0.0667786j
   0.13306358+0.04790238j]
 [-0.54563605+0.32708514j  0.07570821+0.j          0.05546785+0.89096504j
  ... -0.14014416-0.16658981j  0.95707601+0.58610272j
  -0.08077379+0.1273191j ]
 [ 0.37201914+0.13922986j  0.05546785-0.89096504j  0.76775708+0.j
  ...  0.11207106+0.71493925j  0.69558166-0.01458386j
  -0.76329064-0.12536799j]
 ...
 [-0.70913708+0.2383319j  -0.14014416+0.16658981j  0.11207106-0.71493925j
  ...  0.89413986+0.j          0.04170413+0.03081648j
   0.54445168+0.06826112j]
 [-0.18487421-0.0667786j   0.95707601-0.58610272j  0.69558166+0.01458386j
  ...  0.04170413-0.03081648j -0.82483434+0.j
   0.06089688-0.38111507j]
 [ 0.13306358-0.04790238j -0.08077379-0.1273191j  -0.76329064+0.12536799j
  ...  0.54445168-0.06826112j  0.06089688+0.38111507j
  -0.89614529+0.j        ]])
H = Quantum object: dims = [[30, 300], [30, 300]], shape = (9000, 9000), type = oper, isherm = True
Qobj data =
[[ 0.80845814+0.j         -0.54563605-0.32708514j  0.37201914-0.13922986j
  ...  0.        +0.j          0.        +0.j
   0.        +0.j        ]
 [-0.54563605+0.32708514j  0.07570821+0.j          0.05546785+0.89096504j
  ...  0.        +0.j          0.        +0.j
   0.        +0.j        ]
 [ 0.37201914+0.13922986j  0.05546785-0.89096504j  0.76775708+0.j
  ...  0.        +0.j          0.        +0.j
   0.        +0.j        ]
 ...
 [ 0.        +0.j          0.        +0.j          0.        +0.j
  ... 29.89413986+0.j          0.04170413+0.03081648j
   0.54445168+0.06826112j]
 [ 0.        +0.j          0.        +0.j          0.        +0.j
  ...  0.04170413-0.03081648j 28.17516566+0.j
   0.06089688-0.38111507j]
 [ 0.        +0.j          0.        +0.j          0.        +0.j
  ...  0.54445168-0.06826112j  0.06089688+0.38111507j
  28.10385471+0.j        ]]
state_list = (Quantum object: dims = [[30, 300], [1, 1]], shape = (9000, 1), type = ket
Qobj data =
[[0.+0.j]
 [0.+0.j]
 [0.+0.j]
 ...
 [0.+0.j]
 [0.+0.j]
 [0.+0.j]], [Quantum object: dims = [[30], [1]], shape = (30, 1), type = ket
Qobj data =
[[1.]
 [0.]
 [0.]
 [0.]
 [0.]
 [0.]
 [0.]
 [0.]
 [0.]
 [0.]
 [0.]
 [0.]
 [0.]
 [0.]
 [0.]
 [0.]
 [0.]
 [0.]
 [0.]
 [0.]
 [0.]
 [0.]
 [0.]
 [0.]
 [0.]
 [0.]
 [0.]
 [0.]
 [0.]
 [0.]], Quantum object: dims = [[30], [1]], shape = (30, 1), type = ket
Qobj data =
[[0.]
 [1.]
 [0.]
 [0.]
 [0.]
 [0.]
 [0.]
 [0.]
 [0.]
 [0.]
 [0.]
 [0.]
 [0.]
 [0.]
 [0.]
 [0.]
 [0.]
 [0.]
 [0.]
 [0.]
 [0.]
 [0.]
 [0.]
 [0.]
 [0.]
 [0.]
 [0.]
 [0.]
 [0.]
 [0.]], Quantum object: dims = [[30], [1]], shape = (30, 1), type = ket
Qobj data =
[[0.]
 [0.]
 [1.]
 [0.]
 [0.]
 [0.]
 [0.]
 [0.]
 [0.]
 [0.]
 [0.]
 [0.]
 [0.]
 [0.]
 [0.]
 [0.]
 [0.]
 [0.]
 [0.]
 [0.]
 [0.]
 [0.]
 [0.]
 [0.]
 [0.]
 [0.]
 [0.]
 [0.]
 [0.]
 [0.]], Quantum object: dims = [[30], [1]], shape = (30, 1), type = ket
Qobj data =
[[0.]
 [0.]
 [0.]
 [1.]
 [0.]
 [0.]
 [0.]
 [0.]
 [0.]
 [0.]
 [0.]
 [0.]
 [0.]
 [0.]
 [0.]
 [0.]
 [0.]
 [0.]
 [0.]
 [0.]
 [0.]
 [0.]
 [0.]
 [0.]
 [0.]
 [0.]
 [0.]
 [0.]
 [0.]
 [0.]], Quantum object: dims = [[30], [1]], shape = (30, 1), type = ket
Qobj data =
[[0.]
 [0.]
 [0.]
 [0.]
 [1.]
 [0.]
 [0.]
 [0.]
 [0.]
 [0.]
 [0.]
 [0.]
 [0.]
 [0.]
 [0.]
 [0.]
 [0.]
 [0.]
 [0.]
 [0.]
 [0.]
 [0.]
 [0.]
 [0.]
 [0.]
 [0.]
 [0.]
 [0.]
 [0.]
 [0.]], Quantum object: dims = [[30], [1]], shape = (30, 1), type = ket
Qobj data =
[[0.]
 [0.]
 [0.]
 [0.]
 [0.]
 [1.]
 [0.]
 [0.]
 [0.]
 [0.]
 [0.]
 [0.]
 [0.]
 [0.]
 [0.]
 [0.]
 [0.]
 [0.]
 [0.]
 [0.]
 [0.]
 [0.]
 [0.]
 [0.]
 [0.]
 [0.]
 [0.]
 [0.]
 [0.]
 [0.]], Quantum object: dims = [[30], [1]], shape = (30, 1), type = ket
Qobj data =
[[0.]
 [0.]
 [0.]
 [0.]
 [0.]
 [0.]
 [1.]
 [0.]
 [0.]
 [0.]
 [0.]
 [0.]
 [0.]
 [0.]
 [0.]
 [0.]
 [0.]
 [0.]
 [0.]
 [0.]
 [0.]
 [0.]
 [0.]
 [0.]
 [0.]
 [0.]
 [0.]
 [0.]
 [0.]
 [0.]], Quantum object: dims = [[30], [1]], shape = (30, 1), type = ket
Qobj data =
[[0.]
 [0.]
 [0.]
 [0.]
 [0.]
 [0.]
 [0.]
 [1.]
 [0.]
 [0.]
 [0.]
 [0.]
 [0.]
 [0.]
 [0.]
 [0.]
 [0.]
 [0.]
 [0.]
 [0.]
 [0.]
 [0.]
 [0.]
 [0.]
 [0.]
 [0.]
 [0.]
 [0.]
 [0.]
 [0.]], Quantum object: dims = [[30], [1]], shape = (30, 1), type = ket
Qobj data =
[[0.]
 [0.]
 [0.]
 [0.]
 [0.]
 [0.]
 [0.]
 [0.]
 [1.]
 [0.]
 [0.]
 [0.]
 [0.]
 [0.]
 [0.]
 [0.]
 [0.]
 [0.]
 [0.]
 [0.]
 [0.]
 [0.]
 [0.]
 [0.]
 [0.]
 [0.]
 [0.]
 [0.]
 [0.]
 [0.]], Quantum object: dims = [[30], [1]], shape = (30, 1), type = ket
Qobj data =
[[0.]
 [0.]
 [0.]
 [0.]
 [0.]
 [0.]
 [0.]
 [0.]
 [0.]
 [1.]
 [0.]
 [0.]
 [0.]
 [0.]
 [0.]
 [0.]
 [0.]
 [0.]
 [0.]
 [0.]
 [0.]
 [0.]
 [0.]
 [0.]
 [0.]
 [0.]
 [0.]
 [0.]
 [0.]
 [0.]], Quantum object: dims = [[30], [1]], shape = (30, 1), type = ket
Qobj data =
[[0.]
 [0.]
 [0.]
 [0.]
 [0.]
 [0.]
 [0.]
 [0.]
 [0.]
 [0.]
 [1.]
 [0.]
 [0.]
 [0.]
 [0.]
 [0.]
 [0.]
 [0.]
 [0.]
 [0.]
 [0.]
 [0.]
 [0.]
 [0.]
 [0.]
 [0.]
 [0.]
 [0.]
 [0.]
 [0.]], Quantum object: dims = [[30], [1]], shape = (30, 1), type = ket
Qobj data =
[[0.]
 [0.]
 [0.]
 [0.]
 [0.]
 [0.]
 [0.]
 [0.]
 [0.]
 [0.]
 [0.]
 [1.]
 [0.]
 [0.]
 [0.]
 [0.]
 [0.]
 [0.]
 [0.]
 [0.]
 [0.]
 [0.]
 [0.]
 [0.]
 [0.]
 [0.]
 [0.]
 [0.]
 [0.]
 [0.]], Quantum object: dims = [[30], [1]], shape = (30, 1), type = ket
Qobj data =
[[0.]
 [0.]
 [0.]
 [0.]
 [0.]
 [0.]
 [0.]
 [0.]
 [0.]
 [0.]
 [0.]
 [0.]
 [1.]
 [0.]
 [0.]
 [0.]
 [0.]
 [0.]
 [0.]
 [0.]
 [0.]
 [0.]
 [0.]
 [0.]
 [0.]
 [0.]
 [0.]
 [0.]
 [0.]
 [0.]], Quantum object: dims = [[30], [1]], shape = (30, 1), type = ket
Qobj data =
[[0.]
 [0.]
 [0.]
 [0.]
 [0.]
 [0.]
 [0.]
 [0.]
 [0.]
 [0.]
 [0.]
 [0.]
 [0.]
 [1.]
 [0.]
 [0.]
 [0.]
 [0.]
 [0.]
 [0.]
 [0.]
 [0.]
 [0.]
 [0.]
 [0.]
 [0.]
 [0.]
 [0.]
 [0.]
 [0.]], Quantum object: dims = [[30], [1]], shape = (30, 1), type = ket
Qobj data =
[[0.]
 [0.]
 [0.]
 [0.]
 [0.]
 [0.]
 [0.]
 [0.]
 [0.]
 [0.]
 [0.]
 [0.]
 [0.]
 [0.]
 [1.]
 [0.]
 [0.]
 [0.]
 [0.]
 [0.]
 [0.]
 [0.]
 [0.]
 [0.]
 [0.]
 [0.]
 [0.]
 [0.]
 [0.]
 [0.]], Quantum object: dims = [[30], [1]], shape = (30, 1), type = ket
Qobj data =
[[0.]
 [0.]
 [0.]
 [0.]
 [0.]
 [0.]
 [0.]
 [0.]
 [0.]
 [0.]
 [0.]
 [0.]
 [0.]
 [0.]
 [0.]
 [1.]
 [0.]
 [0.]
 [0.]
 [0.]
 [0.]
 [0.]
 [0.]
 [0.]
 [0.]
 [0.]
 [0.]
 [0.]
 [0.]
 [0.]], Quantum object: dims = [[30], [1]], shape = (30, 1), type = ket
Qobj data =
[[0.]
 [0.]
 [0.]
 [0.]
 [0.]
 [0.]
 [0.]
 [0.]
 [0.]
 [0.]
 [0.]
 [0.]
 [0.]
 [0.]
 [0.]
 [0.]
 [1.]
 [0.]
 [0.]
 [0.]
 [0.]
 [0.]
 [0.]
 [0.]
 [0.]
 [0.]
 [0.]
 [0.]
 [0.]
 [0.]], Quantum object: dims = [[30], [1]], shape = (30, 1), type = ket
Qobj data =
[[0.]
 [0.]
 [0.]
 [0.]
 [0.]
 [0.]
 [0.]
 [0.]
 [0.]
 [0.]
 [0.]
 [0.]
 [0.]
 [0.]
 [0.]
 [0.]
 [0.]
 [1.]
 [0.]
 [0.]
 [0.]
 [0.]
 [0.]
 [0.]
 [0.]
 [0.]
 [0.]
 [0.]
 [0.]
 [0.]], Quantum object: dims = [[30], [1]], shape = (30, 1), type = ket
Qobj data =
[[0.]
 [0.]
 [0.]
 [0.]
 [0.]
 [0.]
 [0.]
 [0.]
 [0.]
 [0.]
 [0.]
 [0.]
 [0.]
 [0.]
 [0.]
 [0.]
 [0.]
 [0.]
 [1.]
 [0.]
 [0.]
 [0.]
 [0.]
 [0.]
 [0.]
 [0.]
 [0.]
 [0.]
 [0.]
 [0.]], Quantum object: dims = [[30], [1]], shape = (30, 1), type = ket
Qobj data =
[[0.]
 [0.]
 [0.]
 [0.]
 [0.]
 [0.]
 [0.]
 [0.]
 [0.]
 [0.]
 [0.]
 [0.]
 [0.]
 [0.]
 [0.]
 [0.]
 [0.]
 [0.]
 [0.]
 [1.]
 [0.]
 [0.]
 [0.]
 [0.]
 [0.]
 [0.]
 [0.]
 [0.]
 [0.]
 [0.]], Quantum object: dims = [[30], [1]], shape = (30, 1), type = ket
Qobj data =
[[0.]
 [0.]
 [0.]
 [0.]
 [0.]
 [0.]
 [0.]
 [0.]
 [0.]
 [0.]
 [0.]
 [0.]
 [0.]
 [0.]
 [0.]
 [0.]
 [0.]
 [0.]
 [0.]
 [0.]
 [1.]
 [0.]
 [0.]
 [0.]
 [0.]
 [0.]
 [0.]
 [0.]
 [0.]
 [0.]], Quantum object: dims = [[30], [1]], shape = (30, 1), type = ket
Qobj data =
[[0.]
 [0.]
 [0.]
 [0.]
 [0.]
 [0.]
 [0.]
 [0.]
 [0.]
 [0.]
 [0.]
 [0.]
 [0.]
 [0.]
 [0.]
 [0.]
 [0.]
 [0.]
 [0.]
 [0.]
 [0.]
 [1.]
 [0.]
 [0.]
 [0.]
 [0.]
 [0.]
 [0.]
 [0.]
 [0.]], Quantum object: dims = [[30], [1]], shape = (30, 1), type = ket
Qobj data =
[[0.]
 [0.]
 [0.]
 [0.]
 [0.]
 [0.]
 [0.]
 [0.]
 [0.]
 [0.]
 [0.]
 [0.]
 [0.]
 [0.]
 [0.]
 [0.]
 [0.]
 [0.]
 [0.]
 [0.]
 [0.]
 [0.]
 [1.]
 [0.]
 [0.]
 [0.]
 [0.]
 [0.]
 [0.]
 [0.]], Quantum object: dims = [[30], [1]], shape = (30, 1), type = ket
Qobj data =
[[0.]
 [0.]
 [0.]
 [0.]
 [0.]
 [0.]
 [0.]
 [0.]
 [0.]
 [0.]
 [0.]
 [0.]
 [0.]
 [0.]
 [0.]
 [0.]
 [0.]
 [0.]
 [0.]
 [0.]
 [0.]
 [0.]
 [0.]
 [1.]
 [0.]
 [0.]
 [0.]
 [0.]
 [0.]
 [0.]], Quantum object: dims = [[30], [1]], shape = (30, 1), type = ket
Qobj data =
[[0.]
 [0.]
 [0.]
 [0.]
 [0.]
 [0.]
 [0.]
 [0.]
 [0.]
 [0.]
 [0.]
 [0.]
 [0.]
 [0.]
 [0.]
 [0.]
 [0.]
 [0.]
 [0.]
 [0.]
 [0.]
 [0.]
 [0.]
 [0.]
 [1.]
 [0.]
 [0.]
 [0.]
 [0.]
 [0.]], Quantum object: dims = [[30], [1]], shape = (30, 1), type = ket
Qobj data =
[[0.]
 [0.]
 [0.]
 [0.]
 [0.]
 [0.]
 [0.]
 [0.]
 [0.]
 [0.]
 [0.]
 [0.]
 [0.]
 [0.]
 [0.]
 [0.]
 [0.]
 [0.]
 [0.]
 [0.]
 [0.]
 [0.]
 [0.]
 [0.]
 [0.]
 [1.]
 [0.]
 [0.]
 [0.]
 [0.]], Quantum object: dims = [[30], [1]], shape = (30, 1), type = ket
Qobj data =
[[0.]
 [0.]
 [0.]
 [0.]
 [0.]
 [0.]
 [0.]
 [0.]
 [0.]
 [0.]
 [0.]
 [0.]
 [0.]
 [0.]
 [0.]
 [0.]
 [0.]
 [0.]
 [0.]
 [0.]
 [0.]
 [0.]
 [0.]
 [0.]
 [0.]
 [0.]
 [1.]
 [0.]
 [0.]
 [0.]], Quantum object: dims = [[30], [1]], shape = (30, 1), type = ket
Qobj data =
[[0.]
 [0.]
 [0.]
 [0.]
 [0.]
 [0.]
 [0.]
 [0.]
 [0.]
 [0.]
 [0.]
 [0.]
 [0.]
 [0.]
 [0.]
 [0.]
 [0.]
 [0.]
 [0.]
 [0.]
 [0.]
 [0.]
 [0.]
 [0.]
 [0.]
 [0.]
 [0.]
 [1.]
 [0.]
 [0.]], Quantum object: dims = [[30], [1]], shape = (30, 1), type = ket
Qobj data =
[[0.]
 [0.]
 [0.]
 [0.]
 [0.]
 [0.]
 [0.]
 [0.]
 [0.]
 [0.]
 [0.]
 [0.]
 [0.]
 [0.]
 [0.]
 [0.]
 [0.]
 [0.]
 [0.]
 [0.]
 [0.]
 [0.]
 [0.]
 [0.]
 [0.]
 [0.]
 [0.]
 [0.]
 [1.]
 [0.]], Quantum object: dims = [[30], [1]], shape = (30, 1), type = ket
Qobj data =
[[0.]
 [0.]
 [0.]
 [0.]
 [0.]
 [0.]
 [0.]
 [0.]
 [0.]
 [0.]
 [0.]
 [0.]
 [0.]
 [0.]
 [0.]
 [0.]
 [0.]
 [0.]
 [0.]
 [0.]
 [0.]
 [0.]
 [0.]
 [0.]
 [0.]
 [0.]
 [0.]
 [0.]
 [0.]
 [1.]]])
tlist = [0.00000000e+00 2.34625757e-02 4.74756438e-02 7.20521203e-02
 9.72052243e-02 1.22948485e-01 1.49295749e-01 1.76261187e-01
 2.03859304e-01 2.32104944e-01 2.61013300e-01 2.90599920e-01
 3.20880718e-01 3.51871982e-01 3.83590380e-01 4.16052974e-01
 4.49277224e-01 4.83281001e-01 5.18082594e-01 5.53700721e-01
 5.90154542e-01 6.27463663e-01 6.65648153e-01 7.04728548e-01
 7.44725871e-01 7.85661634e-01 8.27557855e-01 8.70437069e-01
 9.14322340e-01 9.59237273e-01 1.00520603e+00 1.05225332e+00
 1.10040447e+00 1.14968537e+00 1.20012253e+00 1.25174307e+00
 1.30457476e+00 1.35864602e+00 1.41398593e+00 1.47062426e+00
 1.52859147e+00 1.58791874e+00 1.64863798e+00 1.71078184e+00
 1.77438377e+00 1.83947796e+00 1.90609942e+00 1.97428400e+00
 2.04406836e+00 2.11549005e+00 2.18858747e+00 2.26339994e+00
 2.33996771e+00 2.41833196e+00 2.49853483e+00 2.58061947e+00
 2.66463002e+00 2.75061168e+00 2.83861069e+00 2.92867439e+00
 3.02085121e+00 3.11519073e+00 3.21174371e+00 3.31056206e+00
 3.41169895e+00 3.51520877e+00 3.62114720e+00 3.72957121e+00
 3.84053914e+00 3.95411065e+00 4.07034685e+00 4.18931024e+00
 4.31106483e+00 4.43567609e+00 4.56321105e+00 4.69373831e+00
 4.82732808e+00 4.96405220e+00 5.10398423e+00 5.24719942e+00
 5.39377481e+00 5.54378923e+00 5.69732338e+00 5.85445984e+00
 6.01528312e+00 6.17987973e+00 6.34833821e+00 6.52074915e+00
 6.69720529e+00 6.87780155e+00 7.06263507e+00 7.25180525e+00
 7.44541386e+00 7.64356502e+00 7.84636532e+00 8.05392384e+00
 8.26635221e+00 8.48376470e+00 8.70627824e+00 8.93401253e+00
 9.16709005e+00 9.40563617e+00 9.64977920e+00 9.89965045e+00
 1.01553843e+01 1.04171184e+01 1.06849934e+01 1.09591534e+01
 1.12397460e+01 1.15269219e+01 1.18208358e+01 1.21216456e+01
 1.24295132e+01 1.27446042e+01 1.30670880e+01 1.33971381e+01
 1.37349321e+01 1.40806515e+01 1.44344824e+01 1.47966151e+01
 1.51672444e+01 1.55465696e+01 1.59347948e+01 1.63321287e+01
 1.67387850e+01 1.71549826e+01 1.75809453e+01 1.80169021e+01
 1.84630876e+01 1.89197418e+01 1.93871102e+01 1.98654444e+01
 2.03550014e+01 2.08560448e+01 2.13688439e+01 2.18936746e+01
 2.24308191e+01 2.29805665e+01 2.35432123e+01 2.41190593e+01
 2.47084172e+01 2.53116028e+01 2.59289408e+01 2.65607631e+01
 2.72074096e+01 2.78692281e+01 2.85465745e+01 2.92398133e+01
 2.99493172e+01 3.06754679e+01 3.14186559e+01 3.21792811e+01
 3.29577525e+01 3.37544888e+01 3.45699187e+01 3.54044806e+01
 3.62586235e+01 3.71328067e+01 3.80275006e+01 3.89431863e+01
 3.98803563e+01 4.08395148e+01 4.18211775e+01 4.28258727e+01
 4.38541405e+01 4.49065342e+01 4.59836197e+01 4.70859764e+01
 4.82141973e+01 4.93688891e+01 5.05506730e+01 5.17601846e+01
 5.29980744e+01 5.42650083e+01 5.55616677e+01 5.68887501e+01
 5.82469693e+01 5.96370558e+01 6.10597573e+01 6.25158391e+01
 6.40060843e+01 6.55312944e+01 6.70922900e+01 6.86899105e+01
 7.03250153e+01 7.19984838e+01 7.37112163e+01 7.54641338e+01
 7.72581794e+01 7.90943178e+01 8.09735368e+01 8.28968471e+01
 8.48652832e+01 8.68799039e+01 8.89417928e+01 9.10520590e+01
 9.32118374e+01 9.54222897e+01 9.76846050e+01 1.00000000e+02]
info_list = [30, 300, 1, 0, 0.5, 0.7, 0, 0, 1, 0, [0, 0, 0, 0, 0, 0, 0, 0, 0, 0, 0, 0, 0, 1, 0, 0, 0, 0, 0, 0, 0, 0, 0, 0, 0, 0, 0, 0, 0, 0], [0], 100, 200, 1, array([0.00000000e+00, 2.34625757e-02, 4.74756438e-02, 7.20521203e-02,
       9.72052243e-02, 1.22948485e-01, 1.49295749e-01, 1.76261187e-01,
       2.03859304e-01, 2.32104944e-01, 2.61013300e-01, 2.90599920e-01,
       3.20880718e-01, 3.51871982e-01, 3.83590380e-01, 4.16052974e-01,
       4.49277224e-01, 4.83281001e-01, 5.18082594e-01, 5.53700721e-01,
       5.90154542e-01, 6.27463663e-01, 6.65648153e-01, 7.04728548e-01,
       7.44725871e-01, 7.85661634e-01, 8.27557855e-01, 8.70437069e-01,
       9.14322340e-01, 9.59237273e-01, 1.00520603e+00, 1.05225332e+00,
       1.10040447e+00, 1.14968537e+00, 1.20012253e+00, 1.25174307e+00,
       1.30457476e+00, 1.35864602e+00, 1.41398593e+00, 1.47062426e+00,
       1.52859147e+00, 1.58791874e+00, 1.64863798e+00, 1.71078184e+00,
       1.77438377e+00, 1.83947796e+00, 1.90609942e+00, 1.97428400e+00,
       2.04406836e+00, 2.11549005e+00, 2.18858747e+00, 2.26339994e+00,
       2.33996771e+00, 2.41833196e+00, 2.49853483e+00, 2.58061947e+00,
       2.66463002e+00, 2.75061168e+00, 2.83861069e+00, 2.92867439e+00,
       3.02085121e+00, 3.11519073e+00, 3.21174371e+00, 3.31056206e+00,
       3.41169895e+00, 3.51520877e+00, 3.62114720e+00, 3.72957121e+00,
       3.84053914e+00, 3.95411065e+00, 4.07034685e+00, 4.18931024e+00,
       4.31106483e+00, 4.43567609e+00, 4.56321105e+00, 4.69373831e+00,
       4.82732808e+00, 4.96405220e+00, 5.10398423e+00, 5.24719942e+00,
       5.39377481e+00, 5.54378923e+00, 5.69732338e+00, 5.85445984e+00,
       6.01528312e+00, 6.17987973e+00, 6.34833821e+00, 6.52074915e+00,
       6.69720529e+00, 6.87780155e+00, 7.06263507e+00, 7.25180525e+00,
       7.44541386e+00, 7.64356502e+00, 7.84636532e+00, 8.05392384e+00,
       8.26635221e+00, 8.48376470e+00, 8.70627824e+00, 8.93401253e+00,
       9.16709005e+00, 9.40563617e+00, 9.64977920e+00, 9.89965045e+00,
       1.01553843e+01, 1.04171184e+01, 1.06849934e+01, 1.09591534e+01,
       1.12397460e+01, 1.15269219e+01, 1.18208358e+01, 1.21216456e+01,
       1.24295132e+01, 1.27446042e+01, 1.30670880e+01, 1.33971381e+01,
       1.37349321e+01, 1.40806515e+01, 1.44344824e+01, 1.47966151e+01,
       1.51672444e+01, 1.55465696e+01, 1.59347948e+01, 1.63321287e+01,
       1.67387850e+01, 1.71549826e+01, 1.75809453e+01, 1.80169021e+01,
       1.84630876e+01, 1.89197418e+01, 1.93871102e+01, 1.98654444e+01,
       2.03550014e+01, 2.08560448e+01, 2.13688439e+01, 2.18936746e+01,
       2.24308191e+01, 2.29805665e+01, 2.35432123e+01, 2.41190593e+01,
       2.47084172e+01, 2.53116028e+01, 2.59289408e+01, 2.65607631e+01,
       2.72074096e+01, 2.78692281e+01, 2.85465745e+01, 2.92398133e+01,
       2.99493172e+01, 3.06754679e+01, 3.14186559e+01, 3.21792811e+01,
       3.29577525e+01, 3.37544888e+01, 3.45699187e+01, 3.54044806e+01,
       3.62586235e+01, 3.71328067e+01, 3.80275006e+01, 3.89431863e+01,
       3.98803563e+01, 4.08395148e+01, 4.18211775e+01, 4.28258727e+01,
       4.38541405e+01, 4.49065342e+01, 4.59836197e+01, 4.70859764e+01,
       4.82141973e+01, 4.93688891e+01, 5.05506730e+01, 5.17601846e+01,
       5.29980744e+01, 5.42650083e+01, 5.55616677e+01, 5.68887501e+01,
       5.82469693e+01, 5.96370558e+01, 6.10597573e+01, 6.25158391e+01,
       6.40060843e+01, 6.55312944e+01, 6.70922900e+01, 6.86899105e+01,
       7.03250153e+01, 7.19984838e+01, 7.37112163e+01, 7.54641338e+01,
       7.72581794e+01, 7.90943178e+01, 8.09735368e+01, 8.28968471e+01,
       8.48652832e+01, 8.68799039e+01, 8.89417928e+01, 9.10520590e+01,
       9.32118374e+01, 9.54222897e+01, 9.76846050e+01, 1.00000000e+02])]
result = Result object with sesolve data.
--------------------------------
states = True
num_collapse = 0
outputs_dir = outputs/simulation_results
file_path = outputs/simulation_results/simulation_results.txt
f = <_io.TextIOWrapper name='outputs/simulation_results/simulation_results.txt' mode='w' encoding='utf-8'>
Results:
result = Result object with sesolve data.
--------------------------------
states = True
num_collapse = 0
H_list = (9000, Quantum object: dims = [[30, 300], [30, 300]], shape = (9000, 9000), type = oper, isherm = True
Qobj data =
[[ 0.80845814+0.j         -0.54563605-0.32708514j  0.37201914-0.13922986j
  ...  0.        +0.j          0.        +0.j
   0.        +0.j        ]
 [-0.54563605+0.32708514j  0.07570821+0.j          0.05546785+0.89096504j
  ...  0.        +0.j          0.        +0.j
   0.        +0.j        ]
 [ 0.37201914+0.13922986j  0.05546785-0.89096504j  0.76775708+0.j
  ...  0.        +0.j          0.        +0.j
   0.        +0.j        ]
 ...
 [ 0.        +0.j          0.        +0.j          0.        +0.j
  ... 29.89413986+0.j          0.04170413+0.03081648j
   0.54445168+0.06826112j]
 [ 0.        +0.j          0.        +0.j          0.        +0.j
  ...  0.04170413-0.03081648j 28.17516566+0.j
   0.06089688-0.38111507j]
 [ 0.        +0.j          0.        +0.j          0.        +0.j
  ...  0.54445168-0.06826112j  0.06089688+0.38111507j
  28.10385471+0.j        ]], Quantum object: dims = [[30, 300], [30, 300]], shape = (9000, 9000), type = oper, isherm = True
Qobj data =
[[ 0.  0.  0. ...  0.  0.  0.]
 [ 0.  0.  0. ...  0.  0.  0.]
 [ 0.  0.  0. ...  0.  0.  0.]
 ...
 [ 0.  0.  0. ... 29.  0.  0.]
 [ 0.  0.  0. ...  0. 29.  0.]
 [ 0.  0.  0. ...  0.  0. 29.]], Quantum object: dims = [[30, 300], [30, 300]], shape = (9000, 9000), type = oper, isherm = True
Qobj data =
[[0.+0.j 0.+0.j 0.+0.j ... 0.+0.j 0.+0.j 0.+0.j]
 [0.+0.j 0.+0.j 0.+0.j ... 0.+0.j 0.+0.j 0.+0.j]
 [0.+0.j 0.+0.j 0.+0.j ... 0.+0.j 0.+0.j 0.+0.j]
 ...
 [0.+0.j 0.+0.j 0.+0.j ... 0.+0.j 0.+0.j 0.+0.j]
 [0.+0.j 0.+0.j 0.+0.j ... 0.+0.j 0.+0.j 0.+0.j]
 [0.+0.j 0.+0.j 0.+0.j ... 0.+0.j 0.+0.j 0.+0.j]], Quantum object: dims = [[30, 300], [30, 300]], shape = (9000, 9000), type = oper, isherm = True
Qobj data =
[[ 0.80845814+0.j         -0.54563605-0.32708514j  0.37201914-0.13922986j
  ...  0.        +0.j          0.        +0.j
   0.        +0.j        ]
 [-0.54563605+0.32708514j  0.07570821+0.j          0.05546785+0.89096504j
  ...  0.        +0.j          0.        +0.j
   0.        +0.j        ]
 [ 0.37201914+0.13922986j  0.05546785-0.89096504j  0.76775708+0.j
  ...  0.        +0.j          0.        +0.j
   0.        +0.j        ]
 ...
 [ 0.        +0.j          0.        +0.j          0.        +0.j
  ...  0.89413986+0.j          0.04170413+0.03081648j
   0.54445168+0.06826112j]
 [ 0.        +0.j          0.        +0.j          0.        +0.j
  ...  0.04170413-0.03081648j -0.82483434+0.j
   0.06089688-0.38111507j]
 [ 0.        +0.j          0.        +0.j          0.        +0.j
  ...  0.54445168-0.06826112j  0.06089688+0.38111507j
  -0.89614529+0.j        ]], Quantum object: dims = [[30], [30]], shape = (30, 30), type = oper, isherm = True
Qobj data =
[[ 0.  0.  0.  0.  0.  0.  0.  0.  0.  0.  0.  0.  0.  0.  0.  0.  0.  0.
   0.  0.  0.  0.  0.  0.  0.  0.  0.  0.  0.  0.]
 [ 0.  1.  0.  0.  0.  0.  0.  0.  0.  0.  0.  0.  0.  0.  0.  0.  0.  0.
   0.  0.  0.  0.  0.  0.  0.  0.  0.  0.  0.  0.]
 [ 0.  0.  2.  0.  0.  0.  0.  0.  0.  0.  0.  0.  0.  0.  0.  0.  0.  0.
   0.  0.  0.  0.  0.  0.  0.  0.  0.  0.  0.  0.]
 [ 0.  0.  0.  3.  0.  0.  0.  0.  0.  0.  0.  0.  0.  0.  0.  0.  0.  0.
   0.  0.  0.  0.  0.  0.  0.  0.  0.  0.  0.  0.]
 [ 0.  0.  0.  0.  4.  0.  0.  0.  0.  0.  0.  0.  0.  0.  0.  0.  0.  0.
   0.  0.  0.  0.  0.  0.  0.  0.  0.  0.  0.  0.]
 [ 0.  0.  0.  0.  0.  5.  0.  0.  0.  0.  0.  0.  0.  0.  0.  0.  0.  0.
   0.  0.  0.  0.  0.  0.  0.  0.  0.  0.  0.  0.]
 [ 0.  0.  0.  0.  0.  0.  6.  0.  0.  0.  0.  0.  0.  0.  0.  0.  0.  0.
   0.  0.  0.  0.  0.  0.  0.  0.  0.  0.  0.  0.]
 [ 0.  0.  0.  0.  0.  0.  0.  7.  0.  0.  0.  0.  0.  0.  0.  0.  0.  0.
   0.  0.  0.  0.  0.  0.  0.  0.  0.  0.  0.  0.]
 [ 0.  0.  0.  0.  0.  0.  0.  0.  8.  0.  0.  0.  0.  0.  0.  0.  0.  0.
   0.  0.  0.  0.  0.  0.  0.  0.  0.  0.  0.  0.]
 [ 0.  0.  0.  0.  0.  0.  0.  0.  0.  9.  0.  0.  0.  0.  0.  0.  0.  0.
   0.  0.  0.  0.  0.  0.  0.  0.  0.  0.  0.  0.]
 [ 0.  0.  0.  0.  0.  0.  0.  0.  0.  0. 10.  0.  0.  0.  0.  0.  0.  0.
   0.  0.  0.  0.  0.  0.  0.  0.  0.  0.  0.  0.]
 [ 0.  0.  0.  0.  0.  0.  0.  0.  0.  0.  0. 11.  0.  0.  0.  0.  0.  0.
   0.  0.  0.  0.  0.  0.  0.  0.  0.  0.  0.  0.]
 [ 0.  0.  0.  0.  0.  0.  0.  0.  0.  0.  0.  0. 12.  0.  0.  0.  0.  0.
   0.  0.  0.  0.  0.  0.  0.  0.  0.  0.  0.  0.]
 [ 0.  0.  0.  0.  0.  0.  0.  0.  0.  0.  0.  0.  0. 13.  0.  0.  0.  0.
   0.  0.  0.  0.  0.  0.  0.  0.  0.  0.  0.  0.]
 [ 0.  0.  0.  0.  0.  0.  0.  0.  0.  0.  0.  0.  0.  0. 14.  0.  0.  0.
   0.  0.  0.  0.  0.  0.  0.  0.  0.  0.  0.  0.]
 [ 0.  0.  0.  0.  0.  0.  0.  0.  0.  0.  0.  0.  0.  0.  0. 15.  0.  0.
   0.  0.  0.  0.  0.  0.  0.  0.  0.  0.  0.  0.]
 [ 0.  0.  0.  0.  0.  0.  0.  0.  0.  0.  0.  0.  0.  0.  0.  0. 16.  0.
   0.  0.  0.  0.  0.  0.  0.  0.  0.  0.  0.  0.]
 [ 0.  0.  0.  0.  0.  0.  0.  0.  0.  0.  0.  0.  0.  0.  0.  0.  0. 17.
   0.  0.  0.  0.  0.  0.  0.  0.  0.  0.  0.  0.]
 [ 0.  0.  0.  0.  0.  0.  0.  0.  0.  0.  0.  0.  0.  0.  0.  0.  0.  0.
  18.  0.  0.  0.  0.  0.  0.  0.  0.  0.  0.  0.]
 [ 0.  0.  0.  0.  0.  0.  0.  0.  0.  0.  0.  0.  0.  0.  0.  0.  0.  0.
   0. 19.  0.  0.  0.  0.  0.  0.  0.  0.  0.  0.]
 [ 0.  0.  0.  0.  0.  0.  0.  0.  0.  0.  0.  0.  0.  0.  0.  0.  0.  0.
   0.  0. 20.  0.  0.  0.  0.  0.  0.  0.  0.  0.]
 [ 0.  0.  0.  0.  0.  0.  0.  0.  0.  0.  0.  0.  0.  0.  0.  0.  0.  0.
   0.  0.  0. 21.  0.  0.  0.  0.  0.  0.  0.  0.]
 [ 0.  0.  0.  0.  0.  0.  0.  0.  0.  0.  0.  0.  0.  0.  0.  0.  0.  0.
   0.  0.  0.  0. 22.  0.  0.  0.  0.  0.  0.  0.]
 [ 0.  0.  0.  0.  0.  0.  0.  0.  0.  0.  0.  0.  0.  0.  0.  0.  0.  0.
   0.  0.  0.  0.  0. 23.  0.  0.  0.  0.  0.  0.]
 [ 0.  0.  0.  0.  0.  0.  0.  0.  0.  0.  0.  0.  0.  0.  0.  0.  0.  0.
   0.  0.  0.  0.  0.  0. 24.  0.  0.  0.  0.  0.]
 [ 0.  0.  0.  0.  0.  0.  0.  0.  0.  0.  0.  0.  0.  0.  0.  0.  0.  0.
   0.  0.  0.  0.  0.  0.  0. 25.  0.  0.  0.  0.]
 [ 0.  0.  0.  0.  0.  0.  0.  0.  0.  0.  0.  0.  0.  0.  0.  0.  0.  0.
   0.  0.  0.  0.  0.  0.  0.  0. 26.  0.  0.  0.]
 [ 0.  0.  0.  0.  0.  0.  0.  0.  0.  0.  0.  0.  0.  0.  0.  0.  0.  0.
   0.  0.  0.  0.  0.  0.  0.  0.  0. 27.  0.  0.]
 [ 0.  0.  0.  0.  0.  0.  0.  0.  0.  0.  0.  0.  0.  0.  0.  0.  0.  0.
   0.  0.  0.  0.  0.  0.  0.  0.  0.  0. 28.  0.]
 [ 0.  0.  0.  0.  0.  0.  0.  0.  0.  0.  0.  0.  0.  0.  0.  0.  0.  0.
   0.  0.  0.  0.  0.  0.  0.  0.  0.  0.  0. 29.]], Quantum object: dims = [[30], [30]], shape = (30, 30), type = oper, isherm = True
Qobj data =
[[0.         0.5        0.         0.         0.         0.
  0.         0.         0.         0.         0.         0.
  0.         0.         0.         0.         0.         0.
  0.         0.         0.         0.         0.         0.
  0.         0.         0.         0.         0.         0.        ]
 [0.5        0.         0.70710678 0.         0.         0.
  0.         0.         0.         0.         0.         0.
  0.         0.         0.         0.         0.         0.
  0.         0.         0.         0.         0.         0.
  0.         0.         0.         0.         0.         0.        ]
 [0.         0.70710678 0.         0.8660254  0.         0.
  0.         0.         0.         0.         0.         0.
  0.         0.         0.         0.         0.         0.
  0.         0.         0.         0.         0.         0.
  0.         0.         0.         0.         0.         0.        ]
 [0.         0.         0.8660254  0.         1.         0.
  0.         0.         0.         0.         0.         0.
  0.         0.         0.         0.         0.         0.
  0.         0.         0.         0.         0.         0.
  0.         0.         0.         0.         0.         0.        ]
 [0.         0.         0.         1.         0.         1.11803399
  0.         0.         0.         0.         0.         0.
  0.         0.         0.         0.         0.         0.
  0.         0.         0.         0.         0.         0.
  0.         0.         0.         0.         0.         0.        ]
 [0.         0.         0.         0.         1.11803399 0.
  1.22474487 0.         0.         0.         0.         0.
  0.         0.         0.         0.         0.         0.
  0.         0.         0.         0.         0.         0.
  0.         0.         0.         0.         0.         0.        ]
 [0.         0.         0.         0.         0.         1.22474487
  0.         1.32287566 0.         0.         0.         0.
  0.         0.         0.         0.         0.         0.
  0.         0.         0.         0.         0.         0.
  0.         0.         0.         0.         0.         0.        ]
 [0.         0.         0.         0.         0.         0.
  1.32287566 0.         1.41421356 0.         0.         0.
  0.         0.         0.         0.         0.         0.
  0.         0.         0.         0.         0.         0.
  0.         0.         0.         0.         0.         0.        ]
 [0.         0.         0.         0.         0.         0.
  0.         1.41421356 0.         1.5        0.         0.
  0.         0.         0.         0.         0.         0.
  0.         0.         0.         0.         0.         0.
  0.         0.         0.         0.         0.         0.        ]
 [0.         0.         0.         0.         0.         0.
  0.         0.         1.5        0.         1.58113883 0.
  0.         0.         0.         0.         0.         0.
  0.         0.         0.         0.         0.         0.
  0.         0.         0.         0.         0.         0.        ]
 [0.         0.         0.         0.         0.         0.
  0.         0.         0.         1.58113883 0.         1.6583124
  0.         0.         0.         0.         0.         0.
  0.         0.         0.         0.         0.         0.
  0.         0.         0.         0.         0.         0.        ]
 [0.         0.         0.         0.         0.         0.
  0.         0.         0.         0.         1.6583124  0.
  1.73205081 0.         0.         0.         0.         0.
  0.         0.         0.         0.         0.         0.
  0.         0.         0.         0.         0.         0.        ]
 [0.         0.         0.         0.         0.         0.
  0.         0.         0.         0.         0.         1.73205081
  0.         1.80277564 0.         0.         0.         0.
  0.         0.         0.         0.         0.         0.
  0.         0.         0.         0.         0.         0.        ]
 [0.         0.         0.         0.         0.         0.
  0.         0.         0.         0.         0.         0.
  1.80277564 0.         1.87082869 0.         0.         0.
  0.         0.         0.         0.         0.         0.
  0.         0.         0.         0.         0.         0.        ]
 [0.         0.         0.         0.         0.         0.
  0.         0.         0.         0.         0.         0.
  0.         1.87082869 0.         1.93649167 0.         0.
  0.         0.         0.         0.         0.         0.
  0.         0.         0.         0.         0.         0.        ]
 [0.         0.         0.         0.         0.         0.
  0.         0.         0.         0.         0.         0.
  0.         0.         1.93649167 0.         2.         0.
  0.         0.         0.         0.         0.         0.
  0.         0.         0.         0.         0.         0.        ]
 [0.         0.         0.         0.         0.         0.
  0.         0.         0.         0.         0.         0.
  0.         0.         0.         2.         0.         2.06155281
  0.         0.         0.         0.         0.         0.
  0.         0.         0.         0.         0.         0.        ]
 [0.         0.         0.         0.         0.         0.
  0.         0.         0.         0.         0.         0.
  0.         0.         0.         0.         2.06155281 0.
  2.12132034 0.         0.         0.         0.         0.
  0.         0.         0.         0.         0.         0.        ]
 [0.         0.         0.         0.         0.         0.
  0.         0.         0.         0.         0.         0.
  0.         0.         0.         0.         0.         2.12132034
  0.         2.17944947 0.         0.         0.         0.
  0.         0.         0.         0.         0.         0.        ]
 [0.         0.         0.         0.         0.         0.
  0.         0.         0.         0.         0.         0.
  0.         0.         0.         0.         0.         0.
  2.17944947 0.         2.23606798 0.         0.         0.
  0.         0.         0.         0.         0.         0.        ]
 [0.         0.         0.         0.         0.         0.
  0.         0.         0.         0.         0.         0.
  0.         0.         0.         0.         0.         0.
  0.         2.23606798 0.         2.29128785 0.         0.
  0.         0.         0.         0.         0.         0.        ]
 [0.         0.         0.         0.         0.         0.
  0.         0.         0.         0.         0.         0.
  0.         0.         0.         0.         0.         0.
  0.         0.         2.29128785 0.         2.34520788 0.
  0.         0.         0.         0.         0.         0.        ]
 [0.         0.         0.         0.         0.         0.
  0.         0.         0.         0.         0.         0.
  0.         0.         0.         0.         0.         0.
  0.         0.         0.         2.34520788 0.         2.39791576
  0.         0.         0.         0.         0.         0.        ]
 [0.         0.         0.         0.         0.         0.
  0.         0.         0.         0.         0.         0.
  0.         0.         0.         0.         0.         0.
  0.         0.         0.         0.         2.39791576 0.
  2.44948974 0.         0.         0.         0.         0.        ]
 [0.         0.         0.         0.         0.         0.
  0.         0.         0.         0.         0.         0.
  0.         0.         0.         0.         0.         0.
  0.         0.         0.         0.         0.         2.44948974
  0.         2.5        0.         0.         0.         0.        ]
 [0.         0.         0.         0.         0.         0.
  0.         0.         0.         0.         0.         0.
  0.         0.         0.         0.         0.         0.
  0.         0.         0.         0.         0.         0.
  2.5        0.         2.54950976 0.         0.         0.        ]
 [0.         0.         0.         0.         0.         0.
  0.         0.         0.         0.         0.         0.
  0.         0.         0.         0.         0.         0.
  0.         0.         0.         0.         0.         0.
  0.         2.54950976 0.         2.59807621 0.         0.        ]
 [0.         0.         0.         0.         0.         0.
  0.         0.         0.         0.         0.         0.
  0.         0.         0.         0.         0.         0.
  0.         0.         0.         0.         0.         0.
  0.         0.         2.59807621 0.         2.64575131 0.        ]
 [0.         0.         0.         0.         0.         0.
  0.         0.         0.         0.         0.         0.
  0.         0.         0.         0.         0.         0.
  0.         0.         0.         0.         0.         0.
  0.         0.         0.         2.64575131 0.         2.6925824 ]
 [0.         0.         0.         0.         0.         0.
  0.         0.         0.         0.         0.         0.
  0.         0.         0.         0.         0.         0.
  0.         0.         0.         0.         0.         0.
  0.         0.         0.         0.         2.6925824  0.        ]], Quantum object: dims = [[300], [300]], shape = (300, 300), type = oper, isherm = True
Qobj data =
[[-0.25310524+0.j          0.34649064-0.61542865j -0.1955305 -0.14500339j
  ...  0.25056175+0.46873024j -0.09882285-0.61906924j
   0.02865122+0.226984j  ]
 [ 0.34649064+0.61542865j  0.58174465+0.j          0.46596668+0.01967815j
  ... -0.44247765+0.17786761j  0.03699854+0.23455926j
  -0.12180282-0.06291261j]
 [-0.1955305 +0.14500339j  0.46596668-0.01967815j -0.49462559+0.j
  ... -0.02277138-0.04740398j  0.33863865-0.51852033j
  -0.11828524+0.21578146j]
 ...
 [ 0.25056175-0.46873024j -0.44247765-0.17786761j -0.02277138+0.04740398j
  ...  0.6229274 +0.j         -0.47177752-0.13457331j
  -0.63116451+0.02312935j]
 [-0.09882285+0.61906924j  0.03699854-0.23455926j  0.33863865+0.51852033j
  ... -0.47177752+0.13457331j -0.03077162+0.j
  -0.25958368+0.07584745j]
 [ 0.02865122-0.226984j   -0.12180282+0.06291261j -0.11828524-0.21578146j
  ... -0.63116451-0.02312935j -0.25958368-0.07584745j
  -0.56017812+0.j        ]], Quantum object: dims = [[300], [300]], shape = (300, 300), type = oper, isherm = True
Qobj data =
[[ 0.80845814+0.j         -0.54563605-0.32708514j  0.37201914-0.13922986j
  ... -0.70913708-0.2383319j  -0.18487421+0.0667786j
   0.13306358+0.04790238j]
 [-0.54563605+0.32708514j  0.07570821+0.j          0.05546785+0.89096504j
  ... -0.14014416-0.16658981j  0.95707601+0.58610272j
  -0.08077379+0.1273191j ]
 [ 0.37201914+0.13922986j  0.05546785-0.89096504j  0.76775708+0.j
  ...  0.11207106+0.71493925j  0.69558166-0.01458386j
  -0.76329064-0.12536799j]
 ...
 [-0.70913708+0.2383319j  -0.14014416+0.16658981j  0.11207106-0.71493925j
  ...  0.89413986+0.j          0.04170413+0.03081648j
   0.54445168+0.06826112j]
 [-0.18487421-0.0667786j   0.95707601-0.58610272j  0.69558166+0.01458386j
  ...  0.04170413-0.03081648j -0.82483434+0.j
   0.06089688-0.38111507j]
 [ 0.13306358-0.04790238j -0.08077379-0.1273191j  -0.76329064+0.12536799j
  ...  0.54445168-0.06826112j  0.06089688+0.38111507j
  -0.89614529+0.j        ]])
state_list = (Quantum object: dims = [[30, 300], [1, 1]], shape = (9000, 1), type = ket
Qobj data =
[[0.+0.j]
 [0.+0.j]
 [0.+0.j]
 ...
 [0.+0.j]
 [0.+0.j]
 [0.+0.j]], [Quantum object: dims = [[30], [1]], shape = (30, 1), type = ket
Qobj data =
[[1.]
 [0.]
 [0.]
 [0.]
 [0.]
 [0.]
 [0.]
 [0.]
 [0.]
 [0.]
 [0.]
 [0.]
 [0.]
 [0.]
 [0.]
 [0.]
 [0.]
 [0.]
 [0.]
 [0.]
 [0.]
 [0.]
 [0.]
 [0.]
 [0.]
 [0.]
 [0.]
 [0.]
 [0.]
 [0.]], Quantum object: dims = [[30], [1]], shape = (30, 1), type = ket
Qobj data =
[[0.]
 [1.]
 [0.]
 [0.]
 [0.]
 [0.]
 [0.]
 [0.]
 [0.]
 [0.]
 [0.]
 [0.]
 [0.]
 [0.]
 [0.]
 [0.]
 [0.]
 [0.]
 [0.]
 [0.]
 [0.]
 [0.]
 [0.]
 [0.]
 [0.]
 [0.]
 [0.]
 [0.]
 [0.]
 [0.]], Quantum object: dims = [[30], [1]], shape = (30, 1), type = ket
Qobj data =
[[0.]
 [0.]
 [1.]
 [0.]
 [0.]
 [0.]
 [0.]
 [0.]
 [0.]
 [0.]
 [0.]
 [0.]
 [0.]
 [0.]
 [0.]
 [0.]
 [0.]
 [0.]
 [0.]
 [0.]
 [0.]
 [0.]
 [0.]
 [0.]
 [0.]
 [0.]
 [0.]
 [0.]
 [0.]
 [0.]], Quantum object: dims = [[30], [1]], shape = (30, 1), type = ket
Qobj data =
[[0.]
 [0.]
 [0.]
 [1.]
 [0.]
 [0.]
 [0.]
 [0.]
 [0.]
 [0.]
 [0.]
 [0.]
 [0.]
 [0.]
 [0.]
 [0.]
 [0.]
 [0.]
 [0.]
 [0.]
 [0.]
 [0.]
 [0.]
 [0.]
 [0.]
 [0.]
 [0.]
 [0.]
 [0.]
 [0.]], Quantum object: dims = [[30], [1]], shape = (30, 1), type = ket
Qobj data =
[[0.]
 [0.]
 [0.]
 [0.]
 [1.]
 [0.]
 [0.]
 [0.]
 [0.]
 [0.]
 [0.]
 [0.]
 [0.]
 [0.]
 [0.]
 [0.]
 [0.]
 [0.]
 [0.]
 [0.]
 [0.]
 [0.]
 [0.]
 [0.]
 [0.]
 [0.]
 [0.]
 [0.]
 [0.]
 [0.]], Quantum object: dims = [[30], [1]], shape = (30, 1), type = ket
Qobj data =
[[0.]
 [0.]
 [0.]
 [0.]
 [0.]
 [1.]
 [0.]
 [0.]
 [0.]
 [0.]
 [0.]
 [0.]
 [0.]
 [0.]
 [0.]
 [0.]
 [0.]
 [0.]
 [0.]
 [0.]
 [0.]
 [0.]
 [0.]
 [0.]
 [0.]
 [0.]
 [0.]
 [0.]
 [0.]
 [0.]], Quantum object: dims = [[30], [1]], shape = (30, 1), type = ket
Qobj data =
[[0.]
 [0.]
 [0.]
 [0.]
 [0.]
 [0.]
 [1.]
 [0.]
 [0.]
 [0.]
 [0.]
 [0.]
 [0.]
 [0.]
 [0.]
 [0.]
 [0.]
 [0.]
 [0.]
 [0.]
 [0.]
 [0.]
 [0.]
 [0.]
 [0.]
 [0.]
 [0.]
 [0.]
 [0.]
 [0.]], Quantum object: dims = [[30], [1]], shape = (30, 1), type = ket
Qobj data =
[[0.]
 [0.]
 [0.]
 [0.]
 [0.]
 [0.]
 [0.]
 [1.]
 [0.]
 [0.]
 [0.]
 [0.]
 [0.]
 [0.]
 [0.]
 [0.]
 [0.]
 [0.]
 [0.]
 [0.]
 [0.]
 [0.]
 [0.]
 [0.]
 [0.]
 [0.]
 [0.]
 [0.]
 [0.]
 [0.]], Quantum object: dims = [[30], [1]], shape = (30, 1), type = ket
Qobj data =
[[0.]
 [0.]
 [0.]
 [0.]
 [0.]
 [0.]
 [0.]
 [0.]
 [1.]
 [0.]
 [0.]
 [0.]
 [0.]
 [0.]
 [0.]
 [0.]
 [0.]
 [0.]
 [0.]
 [0.]
 [0.]
 [0.]
 [0.]
 [0.]
 [0.]
 [0.]
 [0.]
 [0.]
 [0.]
 [0.]], Quantum object: dims = [[30], [1]], shape = (30, 1), type = ket
Qobj data =
[[0.]
 [0.]
 [0.]
 [0.]
 [0.]
 [0.]
 [0.]
 [0.]
 [0.]
 [1.]
 [0.]
 [0.]
 [0.]
 [0.]
 [0.]
 [0.]
 [0.]
 [0.]
 [0.]
 [0.]
 [0.]
 [0.]
 [0.]
 [0.]
 [0.]
 [0.]
 [0.]
 [0.]
 [0.]
 [0.]], Quantum object: dims = [[30], [1]], shape = (30, 1), type = ket
Qobj data =
[[0.]
 [0.]
 [0.]
 [0.]
 [0.]
 [0.]
 [0.]
 [0.]
 [0.]
 [0.]
 [1.]
 [0.]
 [0.]
 [0.]
 [0.]
 [0.]
 [0.]
 [0.]
 [0.]
 [0.]
 [0.]
 [0.]
 [0.]
 [0.]
 [0.]
 [0.]
 [0.]
 [0.]
 [0.]
 [0.]], Quantum object: dims = [[30], [1]], shape = (30, 1), type = ket
Qobj data =
[[0.]
 [0.]
 [0.]
 [0.]
 [0.]
 [0.]
 [0.]
 [0.]
 [0.]
 [0.]
 [0.]
 [1.]
 [0.]
 [0.]
 [0.]
 [0.]
 [0.]
 [0.]
 [0.]
 [0.]
 [0.]
 [0.]
 [0.]
 [0.]
 [0.]
 [0.]
 [0.]
 [0.]
 [0.]
 [0.]], Quantum object: dims = [[30], [1]], shape = (30, 1), type = ket
Qobj data =
[[0.]
 [0.]
 [0.]
 [0.]
 [0.]
 [0.]
 [0.]
 [0.]
 [0.]
 [0.]
 [0.]
 [0.]
 [1.]
 [0.]
 [0.]
 [0.]
 [0.]
 [0.]
 [0.]
 [0.]
 [0.]
 [0.]
 [0.]
 [0.]
 [0.]
 [0.]
 [0.]
 [0.]
 [0.]
 [0.]], Quantum object: dims = [[30], [1]], shape = (30, 1), type = ket
Qobj data =
[[0.]
 [0.]
 [0.]
 [0.]
 [0.]
 [0.]
 [0.]
 [0.]
 [0.]
 [0.]
 [0.]
 [0.]
 [0.]
 [1.]
 [0.]
 [0.]
 [0.]
 [0.]
 [0.]
 [0.]
 [0.]
 [0.]
 [0.]
 [0.]
 [0.]
 [0.]
 [0.]
 [0.]
 [0.]
 [0.]], Quantum object: dims = [[30], [1]], shape = (30, 1), type = ket
Qobj data =
[[0.]
 [0.]
 [0.]
 [0.]
 [0.]
 [0.]
 [0.]
 [0.]
 [0.]
 [0.]
 [0.]
 [0.]
 [0.]
 [0.]
 [1.]
 [0.]
 [0.]
 [0.]
 [0.]
 [0.]
 [0.]
 [0.]
 [0.]
 [0.]
 [0.]
 [0.]
 [0.]
 [0.]
 [0.]
 [0.]], Quantum object: dims = [[30], [1]], shape = (30, 1), type = ket
Qobj data =
[[0.]
 [0.]
 [0.]
 [0.]
 [0.]
 [0.]
 [0.]
 [0.]
 [0.]
 [0.]
 [0.]
 [0.]
 [0.]
 [0.]
 [0.]
 [1.]
 [0.]
 [0.]
 [0.]
 [0.]
 [0.]
 [0.]
 [0.]
 [0.]
 [0.]
 [0.]
 [0.]
 [0.]
 [0.]
 [0.]], Quantum object: dims = [[30], [1]], shape = (30, 1), type = ket
Qobj data =
[[0.]
 [0.]
 [0.]
 [0.]
 [0.]
 [0.]
 [0.]
 [0.]
 [0.]
 [0.]
 [0.]
 [0.]
 [0.]
 [0.]
 [0.]
 [0.]
 [1.]
 [0.]
 [0.]
 [0.]
 [0.]
 [0.]
 [0.]
 [0.]
 [0.]
 [0.]
 [0.]
 [0.]
 [0.]
 [0.]], Quantum object: dims = [[30], [1]], shape = (30, 1), type = ket
Qobj data =
[[0.]
 [0.]
 [0.]
 [0.]
 [0.]
 [0.]
 [0.]
 [0.]
 [0.]
 [0.]
 [0.]
 [0.]
 [0.]
 [0.]
 [0.]
 [0.]
 [0.]
 [1.]
 [0.]
 [0.]
 [0.]
 [0.]
 [0.]
 [0.]
 [0.]
 [0.]
 [0.]
 [0.]
 [0.]
 [0.]], Quantum object: dims = [[30], [1]], shape = (30, 1), type = ket
Qobj data =
[[0.]
 [0.]
 [0.]
 [0.]
 [0.]
 [0.]
 [0.]
 [0.]
 [0.]
 [0.]
 [0.]
 [0.]
 [0.]
 [0.]
 [0.]
 [0.]
 [0.]
 [0.]
 [1.]
 [0.]
 [0.]
 [0.]
 [0.]
 [0.]
 [0.]
 [0.]
 [0.]
 [0.]
 [0.]
 [0.]], Quantum object: dims = [[30], [1]], shape = (30, 1), type = ket
Qobj data =
[[0.]
 [0.]
 [0.]
 [0.]
 [0.]
 [0.]
 [0.]
 [0.]
 [0.]
 [0.]
 [0.]
 [0.]
 [0.]
 [0.]
 [0.]
 [0.]
 [0.]
 [0.]
 [0.]
 [1.]
 [0.]
 [0.]
 [0.]
 [0.]
 [0.]
 [0.]
 [0.]
 [0.]
 [0.]
 [0.]], Quantum object: dims = [[30], [1]], shape = (30, 1), type = ket
Qobj data =
[[0.]
 [0.]
 [0.]
 [0.]
 [0.]
 [0.]
 [0.]
 [0.]
 [0.]
 [0.]
 [0.]
 [0.]
 [0.]
 [0.]
 [0.]
 [0.]
 [0.]
 [0.]
 [0.]
 [0.]
 [1.]
 [0.]
 [0.]
 [0.]
 [0.]
 [0.]
 [0.]
 [0.]
 [0.]
 [0.]], Quantum object: dims = [[30], [1]], shape = (30, 1), type = ket
Qobj data =
[[0.]
 [0.]
 [0.]
 [0.]
 [0.]
 [0.]
 [0.]
 [0.]
 [0.]
 [0.]
 [0.]
 [0.]
 [0.]
 [0.]
 [0.]
 [0.]
 [0.]
 [0.]
 [0.]
 [0.]
 [0.]
 [1.]
 [0.]
 [0.]
 [0.]
 [0.]
 [0.]
 [0.]
 [0.]
 [0.]], Quantum object: dims = [[30], [1]], shape = (30, 1), type = ket
Qobj data =
[[0.]
 [0.]
 [0.]
 [0.]
 [0.]
 [0.]
 [0.]
 [0.]
 [0.]
 [0.]
 [0.]
 [0.]
 [0.]
 [0.]
 [0.]
 [0.]
 [0.]
 [0.]
 [0.]
 [0.]
 [0.]
 [0.]
 [1.]
 [0.]
 [0.]
 [0.]
 [0.]
 [0.]
 [0.]
 [0.]], Quantum object: dims = [[30], [1]], shape = (30, 1), type = ket
Qobj data =
[[0.]
 [0.]
 [0.]
 [0.]
 [0.]
 [0.]
 [0.]
 [0.]
 [0.]
 [0.]
 [0.]
 [0.]
 [0.]
 [0.]
 [0.]
 [0.]
 [0.]
 [0.]
 [0.]
 [0.]
 [0.]
 [0.]
 [0.]
 [1.]
 [0.]
 [0.]
 [0.]
 [0.]
 [0.]
 [0.]], Quantum object: dims = [[30], [1]], shape = (30, 1), type = ket
Qobj data =
[[0.]
 [0.]
 [0.]
 [0.]
 [0.]
 [0.]
 [0.]
 [0.]
 [0.]
 [0.]
 [0.]
 [0.]
 [0.]
 [0.]
 [0.]
 [0.]
 [0.]
 [0.]
 [0.]
 [0.]
 [0.]
 [0.]
 [0.]
 [0.]
 [1.]
 [0.]
 [0.]
 [0.]
 [0.]
 [0.]], Quantum object: dims = [[30], [1]], shape = (30, 1), type = ket
Qobj data =
[[0.]
 [0.]
 [0.]
 [0.]
 [0.]
 [0.]
 [0.]
 [0.]
 [0.]
 [0.]
 [0.]
 [0.]
 [0.]
 [0.]
 [0.]
 [0.]
 [0.]
 [0.]
 [0.]
 [0.]
 [0.]
 [0.]
 [0.]
 [0.]
 [0.]
 [1.]
 [0.]
 [0.]
 [0.]
 [0.]], Quantum object: dims = [[30], [1]], shape = (30, 1), type = ket
Qobj data =
[[0.]
 [0.]
 [0.]
 [0.]
 [0.]
 [0.]
 [0.]
 [0.]
 [0.]
 [0.]
 [0.]
 [0.]
 [0.]
 [0.]
 [0.]
 [0.]
 [0.]
 [0.]
 [0.]
 [0.]
 [0.]
 [0.]
 [0.]
 [0.]
 [0.]
 [0.]
 [1.]
 [0.]
 [0.]
 [0.]], Quantum object: dims = [[30], [1]], shape = (30, 1), type = ket
Qobj data =
[[0.]
 [0.]
 [0.]
 [0.]
 [0.]
 [0.]
 [0.]
 [0.]
 [0.]
 [0.]
 [0.]
 [0.]
 [0.]
 [0.]
 [0.]
 [0.]
 [0.]
 [0.]
 [0.]
 [0.]
 [0.]
 [0.]
 [0.]
 [0.]
 [0.]
 [0.]
 [0.]
 [1.]
 [0.]
 [0.]], Quantum object: dims = [[30], [1]], shape = (30, 1), type = ket
Qobj data =
[[0.]
 [0.]
 [0.]
 [0.]
 [0.]
 [0.]
 [0.]
 [0.]
 [0.]
 [0.]
 [0.]
 [0.]
 [0.]
 [0.]
 [0.]
 [0.]
 [0.]
 [0.]
 [0.]
 [0.]
 [0.]
 [0.]
 [0.]
 [0.]
 [0.]
 [0.]
 [0.]
 [0.]
 [1.]
 [0.]], Quantum object: dims = [[30], [1]], shape = (30, 1), type = ket
Qobj data =
[[0.]
 [0.]
 [0.]
 [0.]
 [0.]
 [0.]
 [0.]
 [0.]
 [0.]
 [0.]
 [0.]
 [0.]
 [0.]
 [0.]
 [0.]
 [0.]
 [0.]
 [0.]
 [0.]
 [0.]
 [0.]
 [0.]
 [0.]
 [0.]
 [0.]
 [0.]
 [0.]
 [0.]
 [0.]
 [1.]]])
info_list = [30, 300, 1, 0, 0.5, 0.7, 0, 0, 1, 0, [0, 0, 0, 0, 0, 0, 0, 0, 0, 0, 0, 0, 0, 1, 0, 0, 0, 0, 0, 0, 0, 0, 0, 0, 0, 0, 0, 0, 0, 0], [0], 100, 200, 1, array([0.00000000e+00, 2.34625757e-02, 4.74756438e-02, 7.20521203e-02,
       9.72052243e-02, 1.22948485e-01, 1.49295749e-01, 1.76261187e-01,
       2.03859304e-01, 2.32104944e-01, 2.61013300e-01, 2.90599920e-01,
       3.20880718e-01, 3.51871982e-01, 3.83590380e-01, 4.16052974e-01,
       4.49277224e-01, 4.83281001e-01, 5.18082594e-01, 5.53700721e-01,
       5.90154542e-01, 6.27463663e-01, 6.65648153e-01, 7.04728548e-01,
       7.44725871e-01, 7.85661634e-01, 8.27557855e-01, 8.70437069e-01,
       9.14322340e-01, 9.59237273e-01, 1.00520603e+00, 1.05225332e+00,
       1.10040447e+00, 1.14968537e+00, 1.20012253e+00, 1.25174307e+00,
       1.30457476e+00, 1.35864602e+00, 1.41398593e+00, 1.47062426e+00,
       1.52859147e+00, 1.58791874e+00, 1.64863798e+00, 1.71078184e+00,
       1.77438377e+00, 1.83947796e+00, 1.90609942e+00, 1.97428400e+00,
       2.04406836e+00, 2.11549005e+00, 2.18858747e+00, 2.26339994e+00,
       2.33996771e+00, 2.41833196e+00, 2.49853483e+00, 2.58061947e+00,
       2.66463002e+00, 2.75061168e+00, 2.83861069e+00, 2.92867439e+00,
       3.02085121e+00, 3.11519073e+00, 3.21174371e+00, 3.31056206e+00,
       3.41169895e+00, 3.51520877e+00, 3.62114720e+00, 3.72957121e+00,
       3.84053914e+00, 3.95411065e+00, 4.07034685e+00, 4.18931024e+00,
       4.31106483e+00, 4.43567609e+00, 4.56321105e+00, 4.69373831e+00,
       4.82732808e+00, 4.96405220e+00, 5.10398423e+00, 5.24719942e+00,
       5.39377481e+00, 5.54378923e+00, 5.69732338e+00, 5.85445984e+00,
       6.01528312e+00, 6.17987973e+00, 6.34833821e+00, 6.52074915e+00,
       6.69720529e+00, 6.87780155e+00, 7.06263507e+00, 7.25180525e+00,
       7.44541386e+00, 7.64356502e+00, 7.84636532e+00, 8.05392384e+00,
       8.26635221e+00, 8.48376470e+00, 8.70627824e+00, 8.93401253e+00,
       9.16709005e+00, 9.40563617e+00, 9.64977920e+00, 9.89965045e+00,
       1.01553843e+01, 1.04171184e+01, 1.06849934e+01, 1.09591534e+01,
       1.12397460e+01, 1.15269219e+01, 1.18208358e+01, 1.21216456e+01,
       1.24295132e+01, 1.27446042e+01, 1.30670880e+01, 1.33971381e+01,
       1.37349321e+01, 1.40806515e+01, 1.44344824e+01, 1.47966151e+01,
       1.51672444e+01, 1.55465696e+01, 1.59347948e+01, 1.63321287e+01,
       1.67387850e+01, 1.71549826e+01, 1.75809453e+01, 1.80169021e+01,
       1.84630876e+01, 1.89197418e+01, 1.93871102e+01, 1.98654444e+01,
       2.03550014e+01, 2.08560448e+01, 2.13688439e+01, 2.18936746e+01,
       2.24308191e+01, 2.29805665e+01, 2.35432123e+01, 2.41190593e+01,
       2.47084172e+01, 2.53116028e+01, 2.59289408e+01, 2.65607631e+01,
       2.72074096e+01, 2.78692281e+01, 2.85465745e+01, 2.92398133e+01,
       2.99493172e+01, 3.06754679e+01, 3.14186559e+01, 3.21792811e+01,
       3.29577525e+01, 3.37544888e+01, 3.45699187e+01, 3.54044806e+01,
       3.62586235e+01, 3.71328067e+01, 3.80275006e+01, 3.89431863e+01,
       3.98803563e+01, 4.08395148e+01, 4.18211775e+01, 4.28258727e+01,
       4.38541405e+01, 4.49065342e+01, 4.59836197e+01, 4.70859764e+01,
       4.82141973e+01, 4.93688891e+01, 5.05506730e+01, 5.17601846e+01,
       5.29980744e+01, 5.42650083e+01, 5.55616677e+01, 5.68887501e+01,
       5.82469693e+01, 5.96370558e+01, 6.10597573e+01, 6.25158391e+01,
       6.40060843e+01, 6.55312944e+01, 6.70922900e+01, 6.86899105e+01,
       7.03250153e+01, 7.19984838e+01, 7.37112163e+01, 7.54641338e+01,
       7.72581794e+01, 7.90943178e+01, 8.09735368e+01, 8.28968471e+01,
       8.48652832e+01, 8.68799039e+01, 8.89417928e+01, 9.10520590e+01,
       9.32118374e+01, 9.54222897e+01, 9.76846050e+01, 1.00000000e+02])]
